index,feature_accuracy,direction_correctness,shap_hallucination_count,shap_completeness,shap_final_score,shap_reason,shap_consistency,clinical_plausibility,clinical_relevance,clinical_safety,clinical_hallucination_count,clinical_final_score,clinical_reason
43,2,2,0,2,8.33,"Output mencakup semua fitur penting dari SHAP, arah kontribusi yang benar, dan informasi lengkap tanpa adanya ilusi atau fakta baru yang ditambahkan.",2,1,2,2,0,5.0,"Reasoning is generally consistent with the SHAP values, but some clinical interpretations are speculative. The information provided is relevant and safe."
56,2,2,0,2,10.0,"Output mencakup semua fitur penting dari SHAP, arah kontribusi yang benar, dan informasi lengkap tanpa adanya halusinasi.",2,1,2,2,0,5.0,"SHAP consistency is high as the reasoning aligns with the top positive and negative features identified by SHAP values. The clinical plausibility is moderate due to some assumptions made, but generally relevant information is provided. Safety is maintained as no strong diagnostic claims are made. There are no hallucinations or additional unsupported claims."
58,2,2,0,2,6.67,"Output mencakup semua fitur penting dari SHAP, arah kontribusi yang benar, dan informasi lengkap tanpa adanya halusinasi.",2,1,2,2,0,5.0,"Reasoning is consistent with the SHAP values, partially plausible clinically, mostly relevant to the data provided, and safe in its language."
64,2,2,0,2,8.33,"Output mencakup semua fitur penting dari SHAP, arah kontribusi yang benar, dan informasi lengkap tanpa adanya halusinasi.",2,1,2,2,0,5.0,"SHAP values are well integrated into the reasoning, with a focus on key features. The clinical interpretation is generally plausible but lacks specificity. The content is relevant and safe."
67,2,2,0,2,6.67,"Output mencakup semua fitur penting dari SHAP, arah kontribusi yang benar, dan informasi lengkap tanpa adanya halusinasi.",2,1,2,2,0,5.0,"Reasoning is consistent with the SHAP values, partially plausible clinically, mostly relevant to the data provided, and safe in its language. However, it could be more detailed and align better with the actual prediction."
81,2,2,0,2,8.33,"Output mencakup semua fitur penting dari SHAP, arah kontribusi yang benar, dan informasi yang lengkap tanpa adanya halusinasi.",2,1,2,2,0,5.0,"Reasoning is generally consistent with the SHAP values, but some clinical interpretations are speculative. The content is mostly relevant and safe."
84,2,2,0,2,6.67,"Output mencakup semua fitur penting dari SHAP, arah kontribusi yang benar, dan informasi lengkap tanpa adanya ilusi atau informasi tambahan.",2,1,2,2,0,5.0,"Reasoning is generally consistent with the SHAP values, but some clinical interpretations are speculative. The information provided is relevant and safe."
